 <pre>

 Contingency table for Low clouds (octas)
 Selection: Ireland     27 stations
Period: 20200203-20200217
Used {12} + 01 02 ... 24
 Limits    1.00000000       2.00000000       3.00000000       4.00000000       5.00000000       6.00000000       7.00000000    
 Each class is data <= limit, the very last > last limit
 Total number of values        8706
                                              OBSERVATION
                                   1058      334      345      286      286      276      488      208 |      3281
                                     47       41       48       30       37       39       70       25 |       337
                                     44       39       33       27       24       23       65       19 |       274
                 2500m_DEFAULT       41       24       29       30       29       19       54       12 |       238
                                     34       19       24       21       23       21       63       15 |       220
                                     45       19       31       29       26       30       66       16 |       262
                                     58       41       42       53       36       41      110       42 |       423
                                    256      226      277      279      317      371     1251      694 |      3671

                    SUM            1583      743      829      755      778      820     2167     1031 |      8706
                                              OBSERVATION
                                   1100      348      380      315      279      263      520      214 |      3419
                                     42       30       53       31       41       38       76       24 |       335
                                     42       17       32       30       24       26       69       14 |       254
                  750m_DEFAULT       35       22       25       20       18       21       51       13 |       205
                                     23       18       14       22       22       39       58       28 |       224
                                     33       18       23       22       19       24       58       19 |       216
                                     39       32       44       31       45       47      115       36 |       389
                                    269      258      258      284      330      362     1220      683 |      3664

                    SUM            1583      743      829      755      778      820     2167     1031 |      8706

