 <pre>

 Contingency table for Low clouds (octas)
 Selection: Ireland     27 stations
Period: 20200203-20200217
Used {00} + 01 02 ... 24
 Limits    1.00000000       2.00000000       3.00000000       4.00000000       5.00000000       6.00000000       7.00000000    
 Each class is data <= limit, the very last > last limit
 Total number of values        8685
                                              OBSERVATION
                                   1090      368      363      291      258      247      481      185 |      3283
                                     58       29       33       47       36       34       68       15 |       320
                                     38       21       36       22       21       31       49       17 |       235
                 2500m_DEFAULT       44       19       27       31       24       26       62       22 |       255
                                     18       21       27       22       30       28       62       15 |       223
                                     32       24       20       27       22       34       53       26 |       238
                                     59       39       44       35       32       37      103       37 |       386
                                    280      240      285      276      332      376     1256      700 |      3745

                    SUM            1619      761      835      751      755      813     2134     1017 |      8685
                                              OBSERVATION
                                   1162      354      370      298      268      251      524      192 |      3419
                                     45       38       41       39       39       41       84       22 |       349
                                     36       24       27       28       35       29       50       18 |       247
                  750m_DEFAULT       27       28       26       26       26       31       49       18 |       231
                                     36       24       30       19       13       27       61       21 |       231
                                     30       21       26       37       20       21       56       19 |       230
                                     49       40       42       23       51       46       95       33 |       379
                                    234      232      273      281      303      367     1215      694 |      3599

                    SUM            1619      761      835      751      755      813     2134     1017 |      8685

