 <pre>

 Contingency table for Low clouds (octas)
 Selection: Ireland     27 stations
Period: 20200203-20200217
Used {00,12} + 01 02 ... 24
 Limits    1.00000000       2.00000000       3.00000000       4.00000000       5.00000000       6.00000000       7.00000000    
 Each class is data <= limit, the very last > last limit
 Total number of values       17391
                                              OBSERVATION
                                   2148      702      708      577      544      523      969      393 |      6564
                                    105       70       81       77       73       73      138       40 |       657
                                     82       60       69       49       45       54      114       36 |       509
                 2500m_DEFAULT       85       43       56       61       53       45      116       34 |       493
                                     52       40       51       43       53       49      125       30 |       443
                                     77       43       51       56       48       64      119       42 |       500
                                    117       80       86       88       68       78      213       79 |       809
                                    536      466      562      555      649      747     2507     1394 |      7416

                    SUM            3202     1504     1664     1506     1533     1633     4301     2048 |     17391
                                              OBSERVATION
                                   2262      702      750      613      547      514     1044      406 |      6838
                                     87       68       94       70       80       79      160       46 |       684
                                     78       41       59       58       59       55      119       32 |       501
                  750m_DEFAULT       62       50       51       46       44       52      100       31 |       436
                                     59       42       44       41       35       66      119       49 |       455
                                     63       39       49       59       39       45      114       38 |       446
                                     88       72       86       54       96       93      210       69 |       768
                                    503      490      531      565      633      729     2435     1377 |      7263

                    SUM            3202     1504     1664     1506     1533     1633     4301     2048 |     17391

