 <pre>

 Contingency table for Low clouds (octas)
 Selection: ALL     32 stations
Period: 20200203-20200217
Used {00} + 01 02 ... 24
 Limits    1.00000000       2.00000000       3.00000000       4.00000000       5.00000000       6.00000000       7.00000000    
 Each class is data <= limit, the very last > last limit
 Total number of values       10248
                                              OBSERVATION
                                   1276      454      441      357      327      293      552      206 |      3906
                                     63       35       40       56       43       41       76       18 |       372
                                     46       29       38       26       22       36       52       18 |       267
                 2500m_DEFAULT       51       22       32       37       30       30       66       22 |       290
                                     27       26       31       25       36       33       69       16 |       263
                                     38       32       25       34       31       41       56       26 |       283
                                     74       45       52       47       38       50      112       44 |       462
                                    343      319      369      342      408      456     1402      766 |      4405

                    SUM            1918      962     1028      924      935      980     2385     1116 |     10248
                                              OBSERVATION
                                   1364      455      454      394      339      317      602      222 |      4147
                                     57       43       48       42       46       47       94       23 |       400
                                     44       30       34       32       43       35       52       20 |       290
                  750m_DEFAULT       31       32       30       32       29       35       54       21 |       264
                                     45       28       34       21       18       34       65       22 |       267
                                     37       25       31       44       25       24       57       20 |       263
                                     60       53       51       29       58       55      103       35 |       444
                                    280      296      346      330      377      433     1358      753 |      4173

                    SUM            1918      962     1028      924      935      980     2385     1116 |     10248

