 <pre>

 Contingency table for Low clouds (octas)
 Selection: ALL     32 stations
Period: 20200203-20200217
Used {00,12} + 01 02 ... 24
 Limits    1.00000000       2.00000000       3.00000000       4.00000000       5.00000000       6.00000000       7.00000000    
 Each class is data <= limit, the very last > last limit
 Total number of values       20517
                                              OBSERVATION
                                   2530      878      860      720      686      635     1116      433 |      7858
                                    124       87       98       93       83       86      152       48 |       771
                                     96       70       77       57       48       61      121       38 |       568
                 2500m_DEFAULT      100       53       65       72       66       53      121       35 |       565
                                     68       52       59       50       63       59      136       34 |       521
                                     93       54       68       68       62       73      126       44 |       588
                                    143       97      100      109       81       96      231       88 |       945
                                    658      617      725      685      804      903     2784     1525 |      8701

                    SUM            3812     1908     2052     1854     1893     1966     4787     2245 |     20517
                                              OBSERVATION
                                   2669      902      923      793      691      644     1191      453 |      8266
                                    116       81      113       81       92       96      179       51 |       809
                                     92       50       75       65       72       67      128       35 |       584
                  750m_DEFAULT       71       55       58       54       50       59      110       38 |       495
                                     77       50       51       48       43       77      127       54 |       527
                                     82       55       60       72       53       53      120       41 |       536
                                    110       90      100       66      110      107      226       75 |       884
                                    595      625      672      675      782      863     2706     1498 |      8416

                    SUM            3812     1908     2052     1854     1893     1966     4787     2245 |     20517

