 <pre>

 Contingency table for Low clouds (octas)
 Selection: ALL     32 stations
Period: 20200203-20200217
Used {12} + 01 02 ... 24
 Limits    1.00000000       2.00000000       3.00000000       4.00000000       5.00000000       6.00000000       7.00000000    
 Each class is data <= limit, the very last > last limit
 Total number of values       10269
                                              OBSERVATION
                                   1254      424      419      363      359      342      564      227 |      3952
                                     61       52       58       37       40       45       76       30 |       399
                                     50       41       39       31       26       25       69       20 |       301
                 2500m_DEFAULT       49       31       33       35       36       23       55       13 |       275
                                     41       26       28       25       27       26       67       18 |       258
                                     55       22       43       34       31       32       70       18 |       305
                                     69       52       48       62       43       46      119       44 |       483
                                    315      298      356      343      396      447     1382      759 |      4296

                    SUM            1894      946     1024      930      958      986     2402     1129 |     10269
                                              OBSERVATION
                                   1305      447      469      399      352      327      589      231 |      4119
                                     59       38       65       39       46       49       85       28 |       409
                                     48       20       41       33       29       32       76       15 |       294
                  750m_DEFAULT       40       23       28       22       21       24       56       17 |       231
                                     32       22       17       27       25       43       62       32 |       260
                                     45       30       29       28       28       29       63       21 |       273
                                     50       37       49       37       52       52      123       40 |       440
                                    315      329      326      345      405      430     1348      745 |      4243

                    SUM            1894      946     1024      930      958      986     2402     1129 |     10269

